[
  {
    "timestamp": 0.1778208432572611,
    "position": [
      0.0,
      0.0,
      0.0
    ],
    "rotation": [
      [
        1.0,
        0.0,
        0.0
      ],
      [
        0.0,
        1.0,
        0.0
      ],
      [
        0.0,
        0.0,
        1.0
      ]
    ]
  },
  {
    "timestamp": 0.26458581645836987,
    "position": [
      -0.005054267513795222,
      0.09365522536527776,
      0.018912679538607716
    ],
    "rotation": [
      [
        0.9998274667730211,
        -0.0017620718666270605,
        0.01849139770217772
      ],
      [
        0.004405605818635066,
        -0.9445903716064192,
        -0.3282219074129847
      ],
      [
        0.018045146816085225,
        0.32824674403744497,
        -0.9444196353873642
      ]
    ]
  },
  {
    "timestamp": 0.3513507896594787,
    "position": [
      -0.009671725248500702,
      -0.10628599523215164,
      -0.111273550116429
    ],
    "rotation": [
      [
        0.998368339188803,
        0.057102025949946525,
        0.00013393208377923682
      ],
      [
        -0.03785827023560802,
        0.6636639364539345,
        -0.7470722393619214
      ],
      [
        -0.0427482242924675,
        0.7458482004288003,
        0.6647428459464315
      ]
    ]
  },
  {
    "timestamp": 0.43811576286058745,
    "position": [
      -0.024098361740802248,
      -0.390883166483796,
      -0.47967190040293417
    ],
    "rotation": [
      [
        0.9975077848386537,
        -0.06909071380215381,
        -0.014307077010736878
      ],
      [
        0.0017367716294777458,
        -0.17866943720171513,
        0.9839076256612352
      ],
      [
        -0.07053511756982705,
        -0.9814803642846509,
        -0.17810415972985993
      ]
    ]
  },
  {
    "timestamp": 0.5248807360616963,
    "position": [
      -0.04185387728194435,
      -0.3713257168138869,
      -1.1521081456052151
    ],
    "rotation": [
      [
        0.9964012282680562,
        0.08332871262651517,
        0.015521532073768371
      ],
      [
        -0.0008622258533378668,
        0.19307389764045135,
        -0.9811838393575909
      ],
      [
        -0.08475758887844324,
        0.9776393996264332,
        0.19245091692579852
      ]
    ]
  },
  {
    "timestamp": 0.611645709262805,
    "position": [
      -0.052006614146367106,
      -0.4106615631212365,
      -2.0531184535460323
    ],
    "rotation": [
      [
        0.9905147533589685,
        -0.10873255672330862,
        -0.08401044272371454
      ],
      [
        0.10136302691080362,
        0.1654280070684533,
        0.9809990373353278
      ],
      [
        -0.09276885335985212,
        -0.98020957227818,
        0.17488034269329988
      ]
    ]
  },
  {
    "timestamp": 0.6984106824639138,
    "position": [
      -0.06697523235737991,
      -0.3460059531169432,
      -3.269655565817073
    ],
    "rotation": [
      [
        0.9885483122791026,
        0.12611131001524722,
        0.08287443379219142
      ],
      [
        0.10428901263336915,
        -0.1740006491760578,
        -0.9792076265686801
      ],
      [
        -0.1090689512835577,
        0.9766369394880315,
        -0.18516007208185098
      ]
    ]
  },
  {
    "timestamp": 0.7851756556650226,
    "position": [
      -0.06710272270287086,
      -0.3230635846879444,
      -4.762780653125062
    ],
    "rotation": [
      [
        0.9883428889578334,
        -0.12289882797818398,
        -0.0898566187215662
      ],
      [
        0.12566743507378214,
        0.3253851194710456,
        0.9371938005496997
      ],
      [
        -0.08594201305799701,
        -0.9375608791478035,
        0.3370364494874953
      ]
    ]
  },
  {
    "timestamp": 0.8719406288661313,
    "position": [
      -0.08764404082873262,
      -0.013445990241988027,
      -6.460200826845565
    ],
    "rotation": [
      [
        0.9991634120900885,
        0.02753864363266341,
        -0.030234070969107216
      ],
      [
        -0.02719574893471128,
        0.9995617172544208,
        0.01169464147690611
      ],
      [
        0.030542874461517124,
        -0.0108626196778857,
        0.9994744300447919
      ]
    ]
  },
  {
    "timestamp": 0.9587056020672401,
    "position": [
      -0.09480214428899014,
      0.2698218954392404,
      -8.462031976265568
    ],
    "rotation": [
      [
        0.9990622294403926,
        -0.031088623959296662,
        0.030135679284023928
      ],
      [
        -0.030640990741647407,
        -0.9994148168367256,
        -0.015203735514152633
      ],
      [
        0.03059070760806918,
        0.014266090828656371,
        -0.9994301812835682
      ]
    ]
  },
  {
    "timestamp": 1.0454705752683489,
    "position": [
      -0.08965837976823425,
      0.5701967773117748,
      -10.872426107956587
    ],
    "rotation": [
      [
        0.9990630175091579,
        0.03683369975696226,
        -0.02272367944920413
      ],
      [
        -0.03527357552223865,
        0.9972218515273051,
        0.06560757354399531
      ],
      [
        0.025077119359550655,
        -0.0647445549731233,
        0.9975867284030795
      ]
    ]
  },
  {
    "timestamp": 1.1322355484694577,
    "position": [
      -0.12531836740174038,
      0.8620300804138518,
      -13.478027777517855
    ],
    "rotation": [
      [
        0.9988158846964784,
        -0.043581010944616465,
        0.021622302445324874
      ],
      [
        -0.0415939632023048,
        -0.9955028619859617,
        -0.08511165609295562
      ],
      [
        0.02523431598274849,
        0.0841115168262079,
        -0.9961367787779337
      ]
    ]
  },
  {
    "timestamp": 1.2190005216705664,
    "position": [
      -0.3198663516901598,
      1.1183501975282135,
      -16.92876469017883
    ],
    "rotation": [
      [
        0.9394221522541348,
        0.10949180082645385,
        0.3248038876091069
      ],
      [
        -0.1310458308239922,
        0.9903465786103595,
        0.04517349287363982
      ],
      [
        -0.3167222917286669,
        -0.08500117520678953,
        0.9447019583633803
      ]
    ]
  },
  {
    "timestamp": 1.3057654948716753,
    "position": [
      -0.3288361538874943,
      1.4134015633389136,
      -20.12620323326382
    ],
    "rotation": [
      [
        0.9388362512677296,
        -0.11236384982058156,
        -0.3255162953817429
      ],
      [
        -0.1332294379781696,
        -0.9901753637142531,
        -0.04245781376104442
      ],
      [
        -0.31754749276537736,
        0.08322928779488782,
        -0.9445826991278096
      ]
    ]
  },
  {
    "timestamp": 1.392530468072784,
    "position": [
      -0.3474252246684239,
      1.723587539395346,
      -23.615365039936638
    ],
    "rotation": [
      [
        0.9270028952928877,
        -0.03943058150618557,
        0.3729756846775512
      ],
      [
        -0.25635775062691457,
        0.6592697236185715,
        0.706855101992906
      ],
      [
        -0.273763284266011,
        -0.7508719336624435,
        0.6010366073925205
      ]
    ]
  },
  {
    "timestamp": 1.4792954412738928,
    "position": [
      -0.3665368434221827,
      2.0849317501430535,
      -27.48823194627717
    ],
    "rotation": [
      [
        0.9264899624292554,
        0.040540374428541165,
        -0.37412942621375145
      ],
      [
        -0.25804057950189474,
        -0.6552135168462966,
        -0.710007258182784
      ],
      [
        -0.273918617198911,
        0.7543551719071738,
        -0.596587684895301
      ]
    ]
  },
  {
    "timestamp": 1.5660604144750017,
    "position": [
      -0.35493756375379965,
      2.6607483669091856,
      -31.57360727907828
    ],
    "rotation": [
      [
        0.8645977447274112,
        -0.2847627090198264,
        0.41398181042645305
      ],
      [
        -0.48416262496317103,
        -0.2518055924482502,
        0.8379621090482298
      ],
      [
        -0.13437742519130896,
        -0.924934669673202,
        -0.35558200803116946
      ]
    ]
  },
  {
    "timestamp": 1.6528253876761103,
    "position": [
      1.2890896256058224,
      6.338447360127847,
      -37.57330029994689
    ],
    "rotation": [
      [
        0.8992613646478137,
        -0.09646696865081095,
        0.4266416787083456
      ],
      [
        -0.43029348341251394,
        -0.3703445635452104,
        0.8232207616339814
      ],
      [
        0.0785908148861961,
        -0.9238717596137632,
        -0.37454566557856805
      ]
    ]
  },
  {
    "timestamp": 1.7395903608772192,
    "position": [
      1.3026957488518107,
      6.736719959557394,
      -42.61152735450471
    ],
    "rotation": [
      [
        0.9263325418305504,
        0.35536349869569933,
        -0.12499922295959895
      ],
      [
        -0.3681452954930497,
        0.7836471920504283,
        -0.5003659858521703
      ],
      [
        -0.07985651727997486,
        0.5095231713928532,
        0.8567432955452189
      ]
    ]
  },
  {
    "timestamp": 1.8263553340783278,
    "position": [
      16.559390170671804,
      -5.060150885273967,
      3.077589371574687
    ],
    "rotation": [
      [
        0.02228274023318702,
        0.21338684200608954,
        0.976713640299125
      ],
      [
        -0.3865173235005149,
        -0.8991512202474503,
        0.2052594498714237
      ],
      [
        0.9220129273072579,
        -0.3820904850767542,
        0.06244215797129385
      ]
    ]
  },
  {
    "timestamp": 1.9131203072794367,
    "position": [
      16.668755810766456,
      -5.0840306624926805,
      3.3643531764458245
    ],
    "rotation": [
      [
        0.015459901368702011,
        -0.18795889565255886,
        -0.9820552148401537
      ],
      [
        -0.38745346315071727,
        0.9043091113280228,
        -0.17917824941001423
      ],
      [
        0.9217596244912151,
        0.3832707720583347,
        -0.05884479538261839
      ]
    ]
  },
  {
    "timestamp": 1.9998852804805454,
    "position": [
      15.318953739105428,
      -4.029760262322136,
      -1.2193669105051286
    ],
    "rotation": [
      [
        -0.4924834593095995,
        0.2738275899470112,
        0.8261225655375002
      ],
      [
        -0.28961469015923624,
        -0.9466802961740294,
        0.1411373376531573
      ],
      [
        0.8207212520401914,
        -0.16974942656652256,
        0.5455288797395763
      ]
    ]
  },
  {
    "timestamp": 2.086650253681654,
    "position": [
      15.338329834052736,
      -3.9273420171673643,
      -1.6010372465749927
    ],
    "rotation": [
      [
        0.29320008711708556,
        0.494143284730304,
        -0.818447385645821
      ],
      [
        -0.42410925070680916,
        0.8344549666138401,
        0.35187533610414345
      ],
      [
        0.8568343202623494,
        0.24394122826910736,
        0.4542330071352333
      ]
    ]
  },
  {
    "timestamp": 2.173415226882763,
    "position": [
      15.33091675316301,
      -3.749641752505768,
      -1.7503299882491357
    ],
    "rotation": [
      [
        0.29333116963615036,
        -0.4776826748155811,
        0.8281159865024461
      ],
      [
        -0.4226888535853322,
        -0.8417562896927814,
        -0.3358280539463012
      ],
      [
        0.857491083320757,
        -0.2515265611097047,
        -0.4488244991995428
      ]
    ]
  }
]