[
  {
    "timestamp": 0.18446184198061627,
    "position": [
      0.0,
      0.0,
      0.0
    ],
    "rotation": [
      [
        1.0,
        0.0,
        0.0
      ],
      [
        0.0,
        1.0,
        0.0
      ],
      [
        0.0,
        0.0,
        1.0
      ]
    ]
  },
  {
    "timestamp": 0.2648086746533712,
    "position": [
      0.008294365681028652,
      0.0514822672574497,
      0.027985569512613388
    ],
    "rotation": [
      [
        0.9992402119869179,
        0.015921609413824273,
        -0.035573882301671605
      ],
      [
        0.0094273846153136,
        -0.9843862668905439,
        -0.17576917242967963
      ],
      [
        -0.037816969308162585,
        0.17530025644868044,
        -0.9837884411403566
      ]
    ]
  },
  {
    "timestamp": 0.3451555073261261,
    "position": [
      0.019766576790754373,
      0.08570343672486569,
      -0.12971361184936991
    ],
    "rotation": [
      [
        0.999776354737814,
        0.0035732609362792,
        0.020843999459063144
      ],
      [
        -0.006395728903914816,
        0.9905560023174803,
        0.13695948643521988
      ],
      [
        -0.020157756793745478,
        -0.13706216866478077,
        0.9903573227688837
      ]
    ]
  },
  {
    "timestamp": 0.42550233999888104,
    "position": [
      0.038278841700111546,
      0.13168155492606226,
      -0.5469863546539125
    ],
    "rotation": [
      [
        0.9996959525759406,
        0.013472241280324732,
        -0.02065190349985164
      ],
      [
        0.011276337461719667,
        -0.9946189808825816,
        -0.10298508183976855
      ],
      [
        -0.021928215083127214,
        0.10272089165782745,
        -0.9944684870825664
      ]
    ]
  },
  {
    "timestamp": 0.505849172671636,
    "position": [
      0.052707658466892654,
      0.1493962712373775,
      -1.2341746678408707
    ],
    "rotation": [
      [
        0.9985601594237281,
        0.003198182021308696,
        -0.05354791913247019
      ],
      [
        -0.003317657237066808,
        0.9999922015180294,
        -0.0021424410336290207
      ],
      [
        0.0535406496235928,
        0.002317009901536239,
        0.9985629826420566
      ]
    ]
  },
  {
    "timestamp": 0.5861960053443909,
    "position": [
      0.07767404343228211,
      0.1817114913569503,
      -2.149787733710354
    ],
    "rotation": [
      [
        0.9982040899690429,
        0.026644451263410033,
        0.05365321971649999
      ],
      [
        0.024538199480898453,
        -0.9989166410561953,
        0.03954011870548675
      ],
      [
        0.05464861878685399,
        -0.03815255480148237,
        -0.997776483500593
      ]
    ]
  },
  {
    "timestamp": 0.6665428380171459,
    "position": [
      0.10605045321852702,
      0.19052025269664474,
      -3.334404310934536
    ],
    "rotation": [
      [
        0.9988419274321074,
        0.0010445156754986483,
        -0.04810107057765198
      ],
      [
        -0.0026073463678327096,
        0.9994703068907165,
        -0.03243928773409223
      ],
      [
        0.04804170842747757,
        0.032527136836504905,
        0.9983155711600358
      ]
    ]
  },
  {
    "timestamp": 0.7468896706899008,
    "position": [
      0.12585760819002415,
      0.21630892186927478,
      -4.748430731258921
    ],
    "rotation": [
      [
        0.9981523505592,
        0.03713617264270257,
        0.04809147278463416
      ],
      [
        0.03375988989025422,
        -0.9970307413014949,
        0.06920961446496755
      ],
      [
        0.050518856952050384,
        -0.06745817653363397,
        -0.9964422911092319
      ]
    ]
  },
  {
    "timestamp": 0.8272365033626556,
    "position": [
      0.14744222615170408,
      0.2270114122528716,
      -6.442167040895961
    ],
    "rotation": [
      [
        0.9999084982601423,
        -0.010446666477463782,
        -0.00859431595041994
      ],
      [
        0.010570267278489346,
        0.9998395149148683,
        0.01446422706064486
      ],
      [
        0.008441833734936127,
        -0.014553747775374836,
        0.9998584519165112
      ]
    ]
  },
  {
    "timestamp": 0.9075833360354106,
    "position": [
      0.16929809649048191,
      0.2603270615004366,
      -8.372251329233732
    ],
    "rotation": [
      [
        0.9990069960862531,
        0.043795257920312136,
        0.0081851789482147
      ],
      [
        0.04357832900908659,
        -0.9987364473281559,
        0.02502874385800546
      ],
      [
        0.009270976836167939,
        -0.024647193796194743,
        -0.9996532222858465
      ]
    ]
  },
  {
    "timestamp": 0.9879301687081655,
    "position": [
      0.19414186650198054,
      0.26842348866507953,
      -10.57521620966304
    ],
    "rotation": [
      [
        0.9996337846614873,
        -0.010753735920898996,
        -0.024832513507401583
      ],
      [
        0.010479310632975823,
        0.9998828696366769,
        -0.011154866910107504
      ],
      [
        0.024949561359056304,
        0.010890554203904322,
        0.9996293889322797
      ]
    ]
  },
  {
    "timestamp": 1.0682770013809204,
    "position": [
      0.21855926208979398,
      0.2994315045497495,
      -12.990970811793728
    ],
    "rotation": [
      [
        0.9985260838784845,
        0.04847680504502264,
        0.02440613010954743
      ],
      [
        0.047257514131840574,
        -0.997715527051621,
        0.04827478056070973
      ],
      [
        0.026690582091370332,
        -0.047050254544823214,
        -0.9985358713510951
      ]
    ]
  },
  {
    "timestamp": 1.1486238340536754,
    "position": [
      0.24553446157333317,
      0.30208154933668535,
      -15.653620714394977
    ],
    "rotation": [
      [
        0.9930016003027652,
        0.009387219383397363,
        -0.11772723520237441
      ],
      [
        -0.018384527112943548,
        0.9969707247900468,
        -0.07557369300518688
      ],
      [
        0.11666118017138633,
        0.0772091576424504,
        0.9901661047607934
      ]
    ]
  },
  {
    "timestamp": 1.2289706667264304,
    "position": [
      0.2695628613559099,
      0.32710077842617413,
      -18.55881108188531
    ],
    "rotation": [
      [
        0.993025381135557,
        0.01342647437601816,
        0.1171337791007009
      ],
      [
        0.002678946787458841,
        -0.995807603139549,
        0.09143325857463894
      ],
      [
        0.11787033411631458,
        -0.09048175128332203,
        -0.9888981934557327
      ]
    ]
  },
  {
    "timestamp": 1.3093174993991852,
    "position": [
      0.33445180054995477,
      0.3149326174426859,
      -21.722255426640597
    ],
    "rotation": [
      [
        0.9979345726671778,
        0.0531099114154016,
        0.03613759794210709
      ],
      [
        -0.03624169346683494,
        0.9299490495650329,
        -0.36589794324066377
      ],
      [
        -0.05303893221241506,
        0.3638325198804255,
        0.929953100509497
      ]
    ]
  },
  {
    "timestamp": 1.3896643320719402,
    "position": [
      0.39014463640031577,
      0.306623142541354,
      -25.10594204002205
    ],
    "rotation": [
      [
        0.9982517206693854,
        -0.04713171022382472,
        -0.03566656798723669
      ],
      [
        -0.03040268148965062,
        -0.9269377542001717,
        0.3739813856284572
      ],
      [
        -0.050687070726661815,
        -0.3722432023955835,
        -0.9267501384577349
      ]
    ]
  },
  {
    "timestamp": 1.4700111647446952,
    "position": [
      0.4568391572674193,
      0.17973430440891852,
      -28.755012934715435
    ],
    "rotation": [
      [
        0.9903740532109377,
        0.1348375262072844,
        -0.031274210666920425
      ],
      [
        0.12622094721691035,
        -0.9724927675285826,
        -0.19577050234461918
      ],
      [
        -0.05681115392425117,
        0.18993856541234194,
        -0.9801509241738728
      ]
    ]
  },
  {
    "timestamp": 1.55035799741745,
    "position": [
      0.520795833325806,
      -0.03463875641301564,
      -32.84329104604058
    ],
    "rotation": [
      [
        0.99367301073916,
        -0.10295838288393835,
        -0.04487225336995483
      ],
      [
        0.10558339497907332,
        0.9925566761203396,
        0.06069094984951296
      ],
      [
        0.03828961260271602,
        -0.06504472371274592,
        0.9971474762961928
      ]
    ]
  },
  {
    "timestamp": 1.630704830090205,
    "position": [
      0.589587195378871,
      -0.22278778430356613,
      -37.156192851502695
    ],
    "rotation": [
      [
        0.9900540172488982,
        0.13471768383205648,
        0.040548595441089665
      ],
      [
        0.1355682600251946,
        -0.9905857840901221,
        -0.01900134817058381
      ],
      [
        0.03760704459353741,
        0.024309463619845557,
        -0.9989968769598109
      ]
    ]
  },
  {
    "timestamp": 1.71105166276296,
    "position": [
      5.991331507100787,
      -2.1497410696529666,
      5.078311270482105
    ],
    "rotation": [
      [
        0.9526931077725799,
        -0.05984368968268827,
        0.29798418617065164
      ],
      [
        -0.008461927587505646,
        0.9748215713536268,
        0.22282571621145933
      ],
      [
        -0.30381612561568766,
        -0.21480604467474398,
        0.9281993993679724
      ]
    ]
  },
  {
    "timestamp": 1.7913984954357147,
    "position": [
      5.735525589012558,
      -2.0330357590161396,
      2.784076655407378
    ],
    "rotation": [
      [
        0.07230206409122843,
        -0.2891603066034872,
        -0.9545463470220424
      ],
      [
        0.46711748650475776,
        -0.8357820113360975,
        0.28856486849314295
      ],
      [
        -0.8812341716760793,
        -0.46674912598950274,
        0.07464307106764768
      ]
    ]
  },
  {
    "timestamp": 1.8717453281084697,
    "position": [
      5.6396740027039876,
      -2.015406934727572,
      2.5820562854425093
    ],
    "rotation": [
      [
        0.06375589478587607,
        0.32286869508408905,
        0.9442939116687928
      ],
      [
        0.44507479360848007,
        0.8377064306955753,
        -0.31647490274214196
      ],
      [
        -0.8932209211468466,
        0.4404585584433306,
        -0.09029199477031136
      ]
    ]
  },
  {
    "timestamp": 1.9520921607812247,
    "position": [
      5.564731312560221,
      -1.9711773604505611,
      2.1336720807945655
    ],
    "rotation": [
      [
        0.07333978688566793,
        -0.35123487485719634,
        -0.9334105947243228
      ],
      [
        0.466531791885514,
        -0.8151295845340312,
        0.3433829459618938
      ],
      [
        -0.8814586563303215,
        -0.46064934939867985,
        0.10408080552588321
      ]
    ]
  },
  {
    "timestamp": 2.0324389934539795,
    "position": [
      5.67039795511985,
      -2.1007174491323166,
      2.174168385488962
    ],
    "rotation": [
      [
        -0.10137642182565426,
        0.7477621986246338,
        0.6561817700956654
      ],
      [
        0.09551635730278585,
        0.6638486022534416,
        -0.7417423129185489
      ],
      [
        -0.9902522136230918,
        -0.012519089192335242,
        -0.1387221172717631
      ]
    ]
  }
]