[
  {
    "timestamp": 0.09577571943904577,
    "position": [
      0.0,
      0.0,
      0.0
    ],
    "rotation": [
      [
        1.0,
        0.0,
        0.0
      ],
      [
        0.0,
        1.0,
        0.0
      ],
      [
        0.0,
        0.0,
        1.0
      ]
    ]
  },
  {
    "timestamp": 0.18406294972709056,
    "position": [
      0.004365145815385333,
      0.08531739765471834,
      0.03562405093826591
    ],
    "rotation": [
      [
        0.9998023836100071,
        0.012424780202234404,
        -0.015518329957638827
      ],
      [
        0.007788602510033623,
        -0.963036291086718,
        -0.26925905689665913
      ],
      [
        -0.018290199525666323,
        0.26908498079020277,
        -0.9629427510057113
      ]
    ]
  },
  {
    "timestamp": 0.27235018001513533,
    "position": [
      0.003775507717321795,
      0.13148779555939336,
      -0.16414498803577696
    ],
    "rotation": [
      [
        0.999486564505162,
        0.002782673679348209,
        -0.03191965070083296
      ],
      [
        0.0037720942371241295,
        0.9790744940820527,
        0.20346721196064746
      ],
      [
        0.03181789871652712,
        -0.20348314860245073,
        0.9785613059773507
      ]
    ]
  },
  {
    "timestamp": 0.36063741030318014,
    "position": [
      -0.030744197642109533,
      0.25709304234025826,
      -0.36941421011047093
    ],
    "rotation": [
      [
        0.9986037260177107,
        -0.008666007499558166,
        0.052110447105756526
      ],
      [
        0.010392301724254809,
        -0.9349480173632776,
        -0.35463249272077113
      ],
      [
        0.05179380704694624,
        0.3546788760872197,
        -0.9335525140071605
      ]
    ]
  },
  {
    "timestamp": 0.44892464059122494,
    "position": [
      -0.023822829360710007,
      0.2615041550661546,
      -1.1449977400258793
    ],
    "rotation": [
      [
        0.9953231606251544,
        0.02238238926599169,
        -0.09397252031258457
      ],
      [
        -0.012859946601573987,
        0.9948295966965309,
        0.1007407331223207
      ],
      [
        0.09574146278681023,
        -0.09906110330176822,
        0.9904647747982148
      ]
    ]
  },
  {
    "timestamp": 0.5372118708792697,
    "position": [
      -0.00943252706312496,
      0.2991520370874803,
      -2.172304222128351
    ],
    "rotation": [
      [
        0.9955429140696773,
        -0.0014900630513914504,
        0.09429785765200559
      ],
      [
        0.005638195519636785,
        -0.9971463877576,
        -0.07528141957516543
      ],
      [
        0.09414094219274301,
        0.07547755357768712,
        -0.9926936193554333
      ]
    ]
  },
  {
    "timestamp": 0.6254991011673146,
    "position": [
      0.018619163687564482,
      0.303652517451712,
      -3.5314156579464706
    ],
    "rotation": [
      [
        0.9991880326253552,
        0.013376990293751759,
        -0.0380043627620963
      ],
      [
        -0.012840036205195875,
        0.999814762229066,
        0.014337876379903384
      ],
      [
        0.03818912055181947,
        -0.013838257098240497,
        0.999174706301136
      ]
    ]
  },
  {
    "timestamp": 0.7137863314553593,
    "position": [
      0.05102895496946766,
      0.3315801771588185,
      -5.17429207124007
    ],
    "rotation": [
      [
        0.9992624771519052,
        0.0037308960162388285,
        0.038217563647541086
      ],
      [
        0.003635705333462033,
        -0.9999901140915672,
        0.0025599542695880248
      ],
      [
        0.03822673675539251,
        -0.002419118444838836,
        -0.9992661629731008
      ]
    ]
  },
  {
    "timestamp": 0.802073561743404,
    "position": [
      0.08429333472353755,
      0.3359426581391285,
      -7.15089589481405
    ],
    "rotation": [
      [
        0.9999359915310827,
        0.011310689612733509,
        0.0002848530052784325
      ],
      [
        -0.011309259205604126,
        0.9999254544615059,
        -0.004602844356579083
      ],
      [
        -0.00033689311461075047,
        0.004599328259086966,
        0.9999893662847591
      ]
    ]
  },
  {
    "timestamp": 0.8903607920314489,
    "position": [
      0.11978353237064657,
      0.36563572197833616,
      -9.406431117799936
    ],
    "rotation": [
      [
        0.9999730455811198,
        -0.0073420867123983255,
        -4.328888523641954e-05
      ],
      [
        -0.007339348308989597,
        -0.9997300551534449,
        0.022044291535205884
      ],
      [
        -0.00020512829958980685,
        -0.022043379631931263,
        -0.9997569941424682
      ]
    ]
  },
  {
    "timestamp": 0.9786480223194937,
    "position": [
      0.16345539239568233,
      0.3888768406645842,
      -12.538849927514558
    ],
    "rotation": [
      [
        0.9981621501576408,
        0.03321841663891696,
        -0.05068391055037526
      ],
      [
        -0.029233434417855284,
        0.996568699292851,
        0.07743535304944246
      ],
      [
        0.053082278632440694,
        -0.07581137372293267,
        0.9957082440702344
      ]
    ]
  },
  {
    "timestamp": 1.0669352526075384,
    "position": [
      0.21836439747451183,
      0.4285774682986654,
      -15.398361468860777
    ],
    "rotation": [
      [
        0.9986298528510946,
        -0.014704763304220865,
        0.05022137922009143
      ],
      [
        -0.011656916656836722,
        -0.9981031065238013,
        -0.060450848146184906
      ],
      [
        0.05101503002701217,
        0.05978259515698849,
        -0.9969069705983797
      ]
    ]
  },
  {
    "timestamp": 1.1552224828955833,
    "position": [
      0.2770222736159096,
      0.4376437790191633,
      -18.58837915315013
    ],
    "rotation": [
      [
        0.9950923528478651,
        0.012781841168332626,
        0.09812152587504422
      ],
      [
        -0.012176314361687828,
        0.9999029640249366,
        -0.00676756253842002
      ],
      [
        -0.09819850646656908,
        0.005539591184698425,
        0.9951514288073153
      ]
    ]
  },
  {
    "timestamp": 1.2435097131836281,
    "position": [
      0.3582151259138369,
      0.46883650364138413,
      -22.044135064664566
    ],
    "rotation": [
      [
        0.9952280485806317,
        -0.020054886487112993,
        -0.09549310365872835
      ],
      [
        -0.019249950585947886,
        -0.9997710464902332,
        0.009343125936359034
      ],
      [
        -0.09565861550757562,
        -0.00746030346655637,
        -0.9953862431997744
      ]
    ]
  },
  {
    "timestamp": 1.3317969434716728,
    "position": [
      0.43427965998671986,
      0.4738798887822116,
      -25.822858554083197
    ],
    "rotation": [
      [
        0.9950480485350847,
        -0.010531884215761584,
        0.09883552256848477
      ],
      [
        0.020889744279738835,
        0.994320432887621,
        -0.10435753602927345
      ],
      [
        -0.09717509809846753,
        0.10590541136806833,
        0.9896166147314389
      ]
    ]
  },
  {
    "timestamp": 1.4200841737597176,
    "position": [
      0.5344243956214392,
      0.4949152020805118,
      -29.87664666528737
    ],
    "rotation": [
      [
        0.9952322869336093,
        0.004345243561275216,
        -0.09743620427382746
      ],
      [
        0.013161423207339176,
        -0.995852763607466,
        0.09002249804648738
      ],
      [
        -0.09664094362150624,
        -0.0908756957264466,
        -0.9911620129636624
      ]
    ]
  },
  {
    "timestamp": 1.5083714040477625,
    "position": [
      0.667940297975852,
      0.49405504630889235,
      -34.28035745897854
    ],
    "rotation": [
      [
        0.9967755605233861,
        -0.019119228900600777,
        -0.07792905125520075
      ],
      [
        0.02501776954048191,
        0.9968370590775562,
        0.07543201480026947
      ],
      [
        0.07624036431253858,
        -0.07713839987875797,
        0.9941011387749419
      ]
    ]
  },
  {
    "timestamp": 1.5966586343358071,
    "position": [
      0.8075964800680219,
      0.5277065834648652,
      -38.967204571489674
    ],
    "rotation": [
      [
        0.9969133056045142,
        -0.00826157822218913,
        0.07807437117235876
      ],
      [
        -0.0031606515282805525,
        -0.9978650380489172,
        -0.06523324399069727
      ],
      [
        0.07844661490846734,
        0.06478512302150635,
        -0.9948110455983544
      ]
    ]
  },
  {
    "timestamp": 1.684945864623852,
    "position": [
      1.050189968408555,
      0.5168259644212577,
      -43.54881089022289
    ],
    "rotation": [
      [
        0.9996635300398939,
        -0.022691726492178314,
        0.01256631437543487
      ],
      [
        0.02013422499210167,
        0.9842517591585069,
        0.17562200197398928
      ],
      [
        -0.01635358346496317,
        -0.17530989744503486,
        0.9843774683350213
      ]
    ]
  },
  {
    "timestamp": 1.7732330949118968,
    "position": [
      0.9314080993215434,
      0.5660699400234028,
      -30.78614132413172
    ],
    "rotation": [
      [
        0.943209177389795,
        0.2189719915921235,
        0.2498153609885603
      ],
      [
        0.24442046899086667,
        -0.9667280352278036,
        -0.07546880311012563
      ],
      [
        0.2249779589780974,
        0.1322428553940406,
        -0.9653479917476804
      ]
    ]
  },
  {
    "timestamp": 1.8615203251999415,
    "position": [
      0.8496398326203282,
      0.4095696017993848,
      -1.136575555795657
    ],
    "rotation": [
      [
        0.8023648599807292,
        -0.44005219208232454,
        -0.40319312954420006
      ],
      [
        0.5239094858655229,
        0.8428989434959611,
        0.12263858150482775
      ],
      [
        0.2858836862925701,
        -0.3096375934813693,
        0.9068600104838882
      ]
    ]
  },
  {
    "timestamp": 1.9498075554879863,
    "position": [
      0.7491965269031198,
      0.5884744994135346,
      -1.3523832469063477
    ],
    "rotation": [
      [
        0.8119747186394953,
        0.4135351071040315,
        0.41192932826247064
      ],
      [
        0.5046305762085495,
        -0.8520117667449453,
        -0.13936976316111363
      ],
      [
        0.29333434481107146,
        0.32103685850788954,
        -0.9004944739606376
      ]
    ]
  },
  {
    "timestamp": 2.038094785776031,
    "position": [
      0.662194662729263,
      0.7355752853986477,
      -1.8951346751628042
    ],
    "rotation": [
      [
        0.8075961348284354,
        -0.4154337960223226,
        -0.4185728659775447
      ],
      [
        0.5136751797649303,
        0.8441916398702816,
        0.1532262538424542
      ],
      [
        0.28970034985073617,
        -0.3387554225331439,
        0.8951639352659115
      ]
    ]
  },
  {
    "timestamp": 2.126382016064076,
    "position": [
      0.5197161289625195,
      0.9192479899577541,
      -2.647709296880174
    ],
    "rotation": [
      [
        0.6791164798351459,
        0.27008889978031586,
        0.6825340966074727
      ],
      [
        0.5555307887914904,
        -0.7968824395198666,
        -0.2374108680948935
      ],
      [
        0.4797773958004116,
        0.5403983380806467,
        -0.6912186967079599
      ]
    ]
  }
]