[
  {
    "timestamp": 0.250194942409342,
    "position": [
      0.0,
      0.0,
      0.0
    ],
    "rotation": [
      [
        1.0,
        0.0,
        0.0
      ],
      [
        0.0,
        1.0,
        0.0
      ],
      [
        0.0,
        0.0,
        1.0
      ]
    ]
  },
  {
    "timestamp": 0.33919460665095935,
    "position": [
      0.0007057576134734517,
      0.06134316971366245,
      0.0391738970779268
    ],
    "rotation": [
      [
        0.9999304196210006,
        -0.0012558009248177554,
        -0.011729402397667047
      ],
      [
        -0.003786155696043909,
        -0.9758771040774712,
        -0.21828775220431698
      ],
      [
        -0.011172329283300099,
        0.21831697300348687,
        -0.9758139568365374
      ]
    ]
  },
  {
    "timestamp": 0.4281942708925767,
    "position": [
      0.042872501274042525,
      0.22879399111612783,
      -0.12888154261258836
    ],
    "rotation": [
      [
        0.9334150332500402,
        -0.23789223565228879,
        0.26859571835601237
      ],
      [
        -0.08882103795026329,
        0.5720935369475608,
        0.8153648313486839
      ],
      [
        -0.34763083712505183,
        -0.7849307416576228,
        0.5128708725210956
      ]
    ]
  },
  {
    "timestamp": 0.5171939351341941,
    "position": [
      0.08674057104856195,
      0.5445743340727958,
      -0.538926259507374
    ],
    "rotation": [
      [
        0.8277260735599714,
        0.5325517055910317,
        -0.1767999661229482
      ],
      [
        -0.5058651056210793,
        0.5718405879264681,
        -0.6458318952443317
      ],
      [
        -0.24283748076433107,
        0.624008832366974,
        0.7427266893440942
      ]
    ]
  },
  {
    "timestamp": 0.6061935993758114,
    "position": [
      0.06990871423788397,
      0.7694244263044864,
      -1.1858483337847356
    ],
    "rotation": [
      [
        0.820337291430445,
        -0.5431745909399497,
        0.17890805472582677
      ],
      [
        -0.5136306876194627,
        -0.5622416333602986,
        0.6481264247443558
      ],
      [
        -0.25145624872752503,
        -0.6235749429487699,
        -0.7402189172821236
      ]
    ]
  },
  {
    "timestamp": 0.6951932636174288,
    "position": [
      0.025067299719618463,
      1.0378958614540668,
      -2.159813948820833
    ],
    "rotation": [
      [
        0.8304154701598752,
        0.5541465948424228,
        -0.057720865756681006
      ],
      [
        -0.47633146599235243,
        0.6524054754092148,
        -0.589470465894308
      ],
      [
        -0.2889956425704884,
        0.5169996586852101,
        0.8057250594927815
      ]
    ]
  },
  {
    "timestamp": 0.7841929278590463,
    "position": [
      -0.059545027654170496,
      1.3308874357982579,
      -3.395649132594539
    ],
    "rotation": [
      [
        0.8239540145338504,
        -0.5633020050103392,
        0.06156811743819181
      ],
      [
        -0.48384442331608163,
        -0.6428210839779482,
        0.5938649914074275
      ],
      [
        -0.29494805637515176,
        -0.5191068340377992,
        -0.8022055465376521
      ]
    ]
  },
  {
    "timestamp": 0.8731925921006636,
    "position": [
      -0.2008118501784028,
      1.666438033261485,
      -4.951106913901109
    ],
    "rotation": [
      [
        0.8224099639860952,
        0.565761685752835,
        -0.05962856757041653
      ],
      [
        -0.485601104304379,
        0.6435275515620275,
        -0.591661945606568
      ],
      [
        -0.2963670336504331,
        0.5155443776385232,
        0.8039779698788708
      ]
    ]
  },
  {
    "timestamp": 0.9621922563422809,
    "position": [
      -0.3915890974356415,
      2.0255760370253806,
      -6.762575473408998
    ],
    "rotation": [
      [
        0.8239545699436444,
        -0.5637108987301185,
        0.057696527814646986
      ],
      [
        -0.4838389325719858,
        -0.646878055816239,
        0.5894477654813902
      ],
      [
        -0.29495551189388824,
        -0.5135940065424097,
        -0.8057434098068252
      ]
    ]
  },
  {
    "timestamp": 1.0511919205838982,
    "position": [
      -0.6627436158210731,
      2.4329909292886485,
      -8.891627752351281
    ],
    "rotation": [
      [
        0.8224814150164307,
        0.5650341478629651,
        -0.06527429587014248
      ],
      [
        -0.4854905868715994,
        0.6375967509097744,
        -0.598138172405314
      ],
      [
        -0.29634981358462176,
        0.5236475866248903,
        0.798730237946635
      ]
    ]
  },
  {
    "timestamp": 1.1401915848255157,
    "position": [
      -1.0122257632795228,
      2.8797562296796873,
      -11.267663720432209
    ],
    "rotation": [
      [
        0.8239519058235154,
        -0.5619485995263152,
        0.0729179565005106
      ],
      [
        -0.4838604505203144,
        -0.630734418412761,
        0.606673848003847
      ],
      [
        -0.29492765436980584,
        -0.5351521885594132,
        -0.7915995286557433
      ]
    ]
  },
  {
    "timestamp": 1.229191249067133,
    "position": [
      -1.4575060132844118,
      3.383941450140427,
      -13.92492275796431
    ],
    "rotation": [
      [
        0.807139012476646,
        0.5902935447048874,
        -0.00895240850072715
      ],
      [
        -0.5797487238354524,
        0.7896758409219455,
        -0.2007572750247985
      ],
      [
        -0.11143622278859376,
        0.1672291761145685,
        0.9796001076493681
      ]
    ]
  },
  {
    "timestamp": 1.3181909133087504,
    "position": [
      -1.9748596534625298,
      3.9988726448461973,
      -16.834746796279152
    ],
    "rotation": [
      [
        0.8176816419624053,
        -0.5755215998888288,
        0.01310039919495027
      ],
      [
        -0.5654411092813707,
        -0.7986725900506877,
        0.20590882894227405
      ],
      [
        -0.10804204890836391,
        -0.17577537359689618,
        -0.978483486679542
      ]
    ]
  },
  {
    "timestamp": 1.407190577550368,
    "position": [
      -2.6100806522557707,
      4.657762663089187,
      -20.06466478299652
    ],
    "rotation": [
      [
        0.7640803156405704,
        0.2805395574999183,
        -0.5809292796273542
      ],
      [
        -0.6271249073633868,
        0.11179036704056067,
        -0.7708548919228577
      ],
      [
        -0.15131299288253547,
        0.9533102698044782,
        0.26135016294282853
      ]
    ]
  },
  {
    "timestamp": 1.4961902417919852,
    "position": [
      -3.41047825780636,
      5.294223986625909,
      -23.580928625103283
    ],
    "rotation": [
      [
        0.7623576231754459,
        -0.2842455022883091,
        0.5813908743824175
      ],
      [
        -0.6273815197170585,
        -0.10422979389597459,
        0.771704981700855
      ],
      [
        -0.15875541913207014,
        -0.9530690659617853,
        -0.25779075313697974
      ]
    ]
  },
  {
    "timestamp": 1.5851899060336025,
    "position": [
      -4.2753858695687725,
      6.065726230009521,
      -27.415756619703505
    ],
    "rotation": [
      [
        0.7664967884217617,
        0.07458694484117628,
        0.6379023914349155
      ],
      [
        -0.5539213539400536,
        0.5794536533784963,
        0.597833252032313
      ],
      [
        -0.3250443154222863,
        -0.8115850240397321,
        0.4854646658265507
      ]
    ]
  },
  {
    "timestamp": 1.6741895702752199,
    "position": [
      -5.143776189965872,
      7.094786870649118,
      -31.584653707998644
    ],
    "rotation": [
      [
        0.7674964598059382,
        -0.09509438761446534,
        -0.6339607571684402
      ],
      [
        -0.554263266059158,
        -0.5953158503194393,
        -0.5817140794719327
      ],
      [
        -0.3220891430687898,
        0.7978446564354948,
        -0.5096101334496206
      ]
    ]
  },
  {
    "timestamp": 1.7631892345168372,
    "position": [
      -6.124935876888317,
      8.222051822968378,
      -35.96800244537962
    ],
    "rotation": [
      [
        0.7676823357028519,
        -0.4713084789892646,
        0.43420288930710726
      ],
      [
        -0.5698182828077619,
        -0.19202356620765065,
        0.7990206972281193
      ],
      [
        -0.29320804222911,
        -0.8608108198981483,
        -0.4159732879866813
      ]
    ]
  },
  {
    "timestamp": 1.8521888987584547,
    "position": [
      -7.296897443228047,
      9.44487775388422,
      -40.762096165442586
    ],
    "rotation": [
      [
        0.8040211896331946,
        -0.12702878711803842,
        0.580873147825016
      ],
      [
        -0.5602734952042827,
        0.16527493282653594,
        0.8116512842044672
      ],
      [
        -0.19910684868280973,
        -0.9780326598956215,
        0.06171368555755363
      ]
    ]
  },
  {
    "timestamp": 1.941188563000072,
    "position": [
      -7.971546397569281,
      10.113659004341654,
      -42.82327476019766
    ],
    "rotation": [
      [
        0.828659893779994,
        0.4258507136128545,
        0.3632821908048225
      ],
      [
        -0.48449343764377534,
        0.8707063662848086,
        0.08447800063461437
      ],
      [
        -0.28033709943681384,
        -0.24601136849041622,
        0.9278413211604808
      ]
    ]
  },
  {
    "timestamp": 2.0301882272416893,
    "position": [
      -9.154791007527027,
      11.717319133229356,
      -47.9127519235762
    ],
    "rotation": [
      [
        0.8290387469898627,
        -0.4280448206262015,
        -0.35982271679892786
      ],
      [
        -0.4837476185613935,
        -0.8717686707386093,
        -0.07750887855477567
      ],
      [
        -0.28050489750743934,
        0.2383212459134127,
        -0.9297956690696186
      ]
    ]
  },
  {
    "timestamp": 2.119187891483307,
    "position": [
      -0.4641375252867239,
      -0.5385751366686957,
      -0.8720395047111182
    ],
    "rotation": [
      [
        0.9305858315977347,
        0.3223136282218094,
        -0.17356248180999834
      ],
      [
        -0.07816572329281013,
        -0.2882344839008942,
        -0.9543641872956555
      ],
      [
        -0.35763127622128443,
        0.9016844278087975,
        -0.24303304901896988
      ]
    ]
  },
  {
    "timestamp": 2.208187555724924,
    "position": [
      -0.5692689633892001,
      -0.649919682308969,
      -1.095694286723281
    ],
    "rotation": [
      [
        0.5848353929024058,
        0.17448645758880063,
        0.7921628868653217
      ],
      [
        -0.4563411945459175,
        0.878161163813204,
        0.14347712197644738
      ],
      [
        -0.6706118679005717,
        -0.4454070570706654,
        0.5932050877584879
      ]
    ]
  },
  {
    "timestamp": 2.2971872199665415,
    "position": [
      -0.012302051904795525,
      -0.03440502385650379,
      -0.7587745282150603
    ],
    "rotation": [
      [
        0.8193693572507614,
        0.30396773125065824,
        0.4860426676299127
      ],
      [
        0.4110278283439871,
        0.2795125078887282,
        -0.8677147470572225
      ],
      [
        -0.39961228800588716,
        0.9107559367317247,
        0.10408478746972888
      ]
    ]
  }
]