[
  {
    "timestamp": 0.171288099181786,
    "position": [
      0.0,
      0.0,
      0.0
    ],
    "rotation": [
      [
        1.0,
        0.0,
        0.0
      ],
      [
        0.0,
        1.0,
        0.0
      ],
      [
        0.0,
        0.0,
        1.0
      ]
    ]
  },
  {
    "timestamp": 0.25925605752494896,
    "position": [
      0.0030268046993939565,
      0.09661439452020752,
      0.009946519382356847
    ],
    "rotation": [
      [
        0.9999278281354231,
        -0.0037319368823746178,
        -0.011419770903207282
      ],
      [
        -0.007431506473775336,
        -0.9389947748506791,
        -0.3438511095149361
      ],
      [
        -0.009439874570459236,
        0.3439111592406218,
        -0.9389547397600513
      ]
    ]
  },
  {
    "timestamp": 0.34722401586811197,
    "position": [
      0.01473278133227268,
      -0.013545811532316345,
      -0.13469408243532888
    ],
    "rotation": [
      [
        0.9971839540174655,
        -0.045221002243150545,
        0.059826606173324096
      ],
      [
        0.07196474732525862,
        0.8014586827290284,
        -0.5937045182754314
      ],
      [
        -0.021100639623118794,
        0.5963380256485203,
        0.8024560562255854
      ]
    ]
  },
  {
    "timestamp": 0.4351919742112749,
    "position": [
      0.037895787865401216,
      -0.07172819697381334,
      -0.4404951036109364
    ],
    "rotation": [
      [
        0.9851245313006334,
        -0.011346032992784902,
        -0.17146698039282787
      ],
      [
        0.15097167201465117,
        -0.4194647419502769,
        0.8951295350448942
      ],
      [
        -0.0820805219209063,
        -0.9077007203896639,
        -0.4115120777392534
      ]
    ]
  },
  {
    "timestamp": 0.5231599325544378,
    "position": [
      0.05348161394026006,
      0.0009534013626662474,
      -1.1422906925103395
    ],
    "rotation": [
      [
        0.9851409244846221,
        -0.00778983930594726,
        0.17157120186433442
      ],
      [
        0.15998990785505748,
        0.4048905909558627,
        -0.900259317496877
      ],
      [
        -0.06245468989687553,
        0.9143319570916245,
        0.4001205867621476
      ]
    ]
  },
  {
    "timestamp": 0.6111278908976009,
    "position": [
      0.1126583562889314,
      0.0037555622445489536,
      -2.06346623539813
    ],
    "rotation": [
      [
        0.9642292260568217,
        -0.13867107213603325,
        -0.22590337175550435
      ],
      [
        0.23594986121807993,
        0.06066832782390724,
        0.969869587620016
      ],
      [
        -0.12078767573321114,
        -0.9884784710613045,
        0.09121759500926702
      ]
    ]
  },
  {
    "timestamp": 0.6990958492407638,
    "position": [
      0.15528928434756195,
      0.17595481566538682,
      -3.305601366384568
    ],
    "rotation": [
      [
        0.977613802335958,
        0.04309875445522217,
        0.20594599012032178
      ],
      [
        0.19515906052500082,
        0.18008753725890808,
        -0.9640961674122666
      ],
      [
        -0.0786396501596382,
        0.982705945992203,
        0.16764494962372073
      ]
    ]
  },
  {
    "timestamp": 0.7870638075839268,
    "position": [
      0.2343124018467076,
      0.3269522685993892,
      -4.811259781795425
    ],
    "rotation": [
      [
        0.9752713087659142,
        -0.08867659122533422,
        -0.20244094562779494
      ],
      [
        0.1881726521918315,
        -0.14725148010907585,
        0.9710345280023663
      ],
      [
        -0.11591776078372493,
        -0.9851159646327642,
        -0.12692363436549425
      ]
    ]
  },
  {
    "timestamp": 0.8750317659270898,
    "position": [
      0.31414851800243265,
      0.5443788073157115,
      -6.635576177188523
    ],
    "rotation": [
      [
        0.9934169794042638,
        0.0075403078578549915,
        0.11430594380309882
      ],
      [
        0.0882325155738082,
        0.5860258170559433,
        -0.805474248464488
      ],
      [
        -0.07305975791655835,
        0.810257295864297,
        0.5815026967021314
      ]
    ]
  },
  {
    "timestamp": 0.9629997242702527,
    "position": [
      0.38774424668750407,
      0.7739040025199619,
      -8.708602772548511
    ],
    "rotation": [
      [
        0.9926551211109657,
        -0.04660206310556739,
        -0.11164254675740351
      ],
      [
        0.06880348981759725,
        -0.5415839135248705,
        0.8378263211429955
      ],
      [
        -0.09950824247816914,
        -0.8393539851131886,
        -0.5343996606974178
      ]
    ]
  },
  {
    "timestamp": 1.0509676826134156,
    "position": [
      0.43624746573884954,
      1.0204167580759986,
      -11.120490835541851
    ],
    "rotation": [
      [
        0.99478435502619,
        0.020331428990280787,
        0.09995358918188171
      ],
      [
        0.06678024483058058,
        0.6108959486213371,
        -0.7888894338615547
      ],
      [
        -0.07710049218711207,
        0.7914497918082043,
        0.6063519944316629
      ]
    ]
  },
  {
    "timestamp": 1.1389356409565787,
    "position": [
      0.4645266171400529,
      1.2715937877542636,
      -13.80441977116636
    ],
    "rotation": [
      [
        0.9938018245708915,
        -0.051021604246766335,
        -0.09876603353204486
      ],
      [
        0.0493435074563987,
        -0.5936752867274453,
        0.8031904333350751
      ],
      [
        -0.09961501770048017,
        -0.8030855806383103,
        -0.5874779982427947
      ]
    ]
  },
  {
    "timestamp": 1.2269035992997417,
    "position": [
      0.4712585492091326,
      1.5306243846750316,
      -16.826645489002434
    ],
    "rotation": [
      [
        0.994686785452923,
        0.03309698734574786,
        0.09748224594235895
      ],
      [
        0.06181494836340252,
        0.5651935042364149,
        -0.8226391766307947
      ],
      [
        -0.08232321060406374,
        0.8242941781897998,
        0.5601446213240309
      ]
    ]
  },
  {
    "timestamp": 1.3148715576429046,
    "position": [
      0.4686400816697987,
      1.779101639511132,
      -20.115589953881084
    ],
    "rotation": [
      [
        0.9937576209877608,
        -0.05760481722489189,
        -0.09553782372041478
      ],
      [
        0.04970365971735476,
        -0.5380691938065851,
        0.841433948023868
      ],
      [
        -0.09987660857001329,
        -0.8409299778868742,
        -0.531847191730608
      ]
    ]
  },
  {
    "timestamp": 1.4028395159860676,
    "position": [
      0.43190409498191856,
      2.0533096536548934,
      -23.700419090228248
    ],
    "rotation": [
      [
        0.9939806304080634,
        0.10938820303597199,
        -0.006060314360653949
      ],
      [
        -0.1074024895938542,
        0.9838645514662885,
        0.1430917523726686
      ],
      [
        0.02161507813150401,
        -0.14157953737952403,
        0.9896908724408693
      ]
    ]
  },
  {
    "timestamp": 1.4908074743292306,
    "position": [
      0.3647532550841013,
      2.474753093317137,
      -27.599637799372257
    ],
    "rotation": [
      [
        0.9956507560163615,
        -0.09296822482417914,
        0.006039968301962497
      ],
      [
        -0.09136367301516952,
        -0.987038465634343,
        -0.1319384197699037
      ],
      [
        0.018227761717364458,
        0.13081275370254616,
        -0.9912395130197001
      ]
    ]
  },
  {
    "timestamp": 1.5787754326723935,
    "position": [
      0.22229035934679608,
      2.8677436466498296,
      -31.843364650079263
    ],
    "rotation": [
      [
        0.9702402965582769,
        0.10450820099113296,
        0.21843031579912164
      ],
      [
        -0.01879743918206485,
        0.9318525678620956,
        -0.3623498972664616
      ],
      [
        -0.2414133865689797,
        0.34746054120491965,
        0.9060853983432693
      ]
    ]
  },
  {
    "timestamp": 1.6667433910155565,
    "position": [
      0.04170239146321837,
      3.2270461211107326,
      -36.325512707947425
    ],
    "rotation": [
      [
        0.971843464073868,
        -0.09108733411479342,
        -0.21730940821962696
      ],
      [
        -0.0037795107705672973,
        -0.9281660468203052,
        0.37214715480344945
      ],
      [
        -0.23559710659352262,
        -0.3608474568205066,
        -0.9023763717379425
      ]
    ]
  },
  {
    "timestamp": 1.7547113493587194,
    "position": [
      -0.18991435254303318,
      3.5196717163605453,
      -40.467073694017806
    ],
    "rotation": [
      [
        0.9733068998427593,
        0.03999463952388388,
        0.22599581307588573
      ],
      [
        -0.17027236618825908,
        0.786082684879794,
        0.5942064740852503
      ],
      [
        -0.15388632178048672,
        -0.6168261029994827,
        0.7719096829470035
      ]
    ]
  },
  {
    "timestamp": 1.8426793077018824,
    "position": [
      -0.7707436571179208,
      -1.2820010409578926,
      2.8057316829414707
    ],
    "rotation": [
      [
        0.9944807440581102,
        -0.05955359444930956,
        0.0863795061678125
      ],
      [
        0.018865899735837615,
        -0.7083746962098397,
        -0.7055844156419381
      ],
      [
        0.10320914457927317,
        0.7033197417659943,
        -0.7033414628169096
      ]
    ]
  },
  {
    "timestamp": 1.9306472660450453,
    "position": [
      -0.7649085598934613,
      -1.4001851195365842,
      2.5998785718341417
    ],
    "rotation": [
      [
        0.9987992936804493,
        0.04895353007758206,
        0.0018769220490103336
      ],
      [
        -0.034453493580080416,
        0.6746861785931911,
        0.7373001540725752
      ],
      [
        0.034827111903833634,
        -0.7364795396399408,
        0.6755626987690913
      ]
    ]
  },
  {
    "timestamp": 2.018615224388208,
    "position": [
      -0.5948851196532554,
      -0.8986513053263818,
      0.9092560063999564
    ],
    "rotation": [
      [
        0.5227545266007628,
        0.30303264746398006,
        0.796805446448117
      ],
      [
        -0.2670925634636123,
        -0.8294057752853777,
        0.4906603942297535
      ],
      [
        0.8095611573320746,
        -0.4693157513809142,
        -0.3526378567949269
      ]
    ]
  },
  {
    "timestamp": 2.1065831827313715,
    "position": [
      -0.5432425814038058,
      -0.954494272101392,
      0.7410214018382988
    ],
    "rotation": [
      [
        0.6472515259694359,
        -0.19132008779993898,
        -0.7378767418305447
      ],
      [
        -0.21954046326005233,
        0.8801889285767744,
        -0.42079619176322347
      ],
      [
        0.7299777031675683,
        0.4343547789711696,
        0.5277011264561676
      ]
    ]
  },
  {
    "timestamp": 2.1945511410745344,
    "position": [
      -0.8357327128255947,
      -1.2686534581875666,
      0.898048312771661
    ],
    "rotation": [
      [
        0.35992284768084903,
        0.3548017980531064,
        0.8628854082759723
      ],
      [
        -0.5787748173025743,
        -0.6404879108577223,
        0.5047721732638225
      ],
      [
        0.7317617471374684,
        -0.6810953825591489,
        -0.025175886934257652
      ]
    ]
  }
]