[
  {
    "timestamp": 0.28664441108703614,
    "position": [
      0.0,
      0.0,
      0.0
    ],
    "rotation": [
      [
        1.0,
        0.0,
        0.0
      ],
      [
        0.0,
        1.0,
        0.0
      ],
      [
        0.0,
        0.0,
        1.0
      ]
    ]
  },
  {
    "timestamp": 0.36683263778686526,
    "position": [
      0.0008684168562133449,
      0.029345820411672455,
      0.043428213265709746
    ],
    "rotation": [
      [
        0.9989257051650864,
        0.04633553719916775,
        0.0006734633617247812
      ],
      [
        0.046064212213036,
        -0.9912821854033995,
        -0.1234411489538743
      ],
      [
        -0.005052119716260589,
        0.12333955932434955,
        -0.9923516660902263
      ]
    ]
  },
  {
    "timestamp": 0.4470208644866943,
    "position": [
      0.0015480660477158637,
      -0.14364687437926174,
      -0.06535371797753875
    ],
    "rotation": [
      [
        0.9998508070769124,
        -0.017272205875942463,
        -0.00018571974980343287
      ],
      [
        0.011710641817946777,
        0.6857291216896269,
        -0.7277626210070041
      ],
      [
        0.012697419259761592,
        0.7276518690767939,
        0.6858290843739349
      ]
    ]
  },
  {
    "timestamp": 0.5272090911865235,
    "position": [
      0.011636159762192524,
      -0.23474295311218432,
      -0.41067487554312654
    ],
    "rotation": [
      [
        0.9970494551836206,
        0.07658642118151016,
        0.005186907426704204
      ],
      [
        0.04910420083195336,
        -0.6882873785429946,
        0.7237743170347142
      ],
      [
        0.05900136760025192,
        -0.7213840895313814,
        -0.690017270792753
      ]
    ]
  },
  {
    "timestamp": 0.6073973178863525,
    "position": [
      0.03181409197091501,
      -0.30059010985253126,
      -1.047841224829165
    ],
    "rotation": [
      [
        0.999248564419826,
        -0.038414023846618815,
        -0.0051642305165139485
      ],
      [
        0.024760040992914685,
        0.7351473842942232,
        -0.6774549901915184
      ],
      [
        0.029820242704335545,
        0.6768180598486365,
        0.735546101198138
      ]
    ]
  },
  {
    "timestamp": 0.6875855445861816,
    "position": [
      0.06261452740214914,
      -0.3755082251188,
      -1.9009087929370037
    ],
    "rotation": [
      [
        0.997077398369997,
        0.07593556364153219,
        0.008393559087867417
      ],
      [
        0.0526339364612737,
        -0.7624042034258647,
        0.6449569747906937
      ],
      [
        0.05537445613556226,
        -0.6426302364291737,
        -0.7641727872900705
      ]
    ]
  },
  {
    "timestamp": 0.7677737712860108,
    "position": [
      0.09949413583894408,
      -0.3825858313801173,
      -3.046576881037273
    ],
    "rotation": [
      [
        0.9942770412431318,
        -0.017712317123391406,
        -0.10535387548127195
      ],
      [
        0.04398367691198275,
        0.9665722180800357,
        0.2525937121171895
      ],
      [
        0.09735810917486665,
        -0.25578197954109216,
        0.9618196179741472
      ]
    ]
  },
  {
    "timestamp": 0.8479619979858398,
    "position": [
      0.13831603204457224,
      -0.33717343545865164,
      -4.4072793509873405
    ],
    "rotation": [
      [
        0.9909959595747194,
        0.07956064576803627,
        0.1076898869511648
      ],
      [
        0.10652372035162629,
        -0.9557697542882827,
        -0.27414754018623766
      ],
      [
        0.08111538145771197,
        0.28315063205419355,
        -0.9556390607641992
      ]
    ]
  },
  {
    "timestamp": 0.9281502246856689,
    "position": [
      0.1963751756213274,
      -0.32438809607691454,
      -6.042403558264894
    ],
    "rotation": [
      [
        0.9919083512054019,
        -0.0417790990700609,
        -0.11988465160259237
      ],
      [
        0.055579091181101783,
        0.9919041025137058,
        0.11418062900493428
      ],
      [
        0.11414371394195869,
        -0.11991979943851516,
        0.9862000072349231
      ]
    ]
  },
  {
    "timestamp": 1.008338451385498,
    "position": [
      0.26343619387775713,
      -0.30039714966506215,
      -7.894789047711
    ],
    "rotation": [
      [
        0.9908422525098679,
        0.05752727078017485,
        0.12215663615930172
      ],
      [
        0.07579841405911593,
        -0.98567962291329,
        -0.15063293597230767
      ],
      [
        0.1117418053697648,
        0.15851275686864755,
        -0.981013493710768
      ]
    ]
  },
  {
    "timestamp": 1.088526678085327,
    "position": [
      0.3490158022298355,
      -0.29345812840331403,
      -10.023244132816735
    ],
    "rotation": [
      [
        0.9913548865727583,
        -0.03224916595499096,
        -0.12718286112334726
      ],
      [
        0.054987783903099344,
        0.9822089669271302,
        0.17956026539678854
      ],
      [
        0.11912947783709635,
        -0.18500145021903625,
        0.9754909691673797
      ]
    ]
  },
  {
    "timestamp": 1.1687149047851562,
    "position": [
      0.45352778810988814,
      -0.2686567207238599,
      -12.350178200459045
    ],
    "rotation": [
      [
        0.9904337458105982,
        0.047663114224542356,
        0.12949603353773215
      ],
      [
        0.07494906597552053,
        -0.9737723584255012,
        -0.21482558384846556
      ],
      [
        0.11586040164346184,
        0.22247611446817223,
        -0.9680293104148036
      ]
    ]
  },
  {
    "timestamp": 1.2489031314849852,
    "position": [
      0.6115966089838462,
      -0.20240147822041296,
      -14.93355106830228
    ],
    "rotation": [
      [
        0.963789968967586,
        0.21516043256108672,
        -0.1575274070680589
      ],
      [
        0.2264388023119114,
        -0.34835578935105055,
        0.9096008535798291
      ],
      [
        0.1408345288805518,
        -0.9123344958323852,
        -0.38446248606237315
      ]
    ]
  },
  {
    "timestamp": 1.3290913581848145,
    "position": [
      0.7958673621964534,
      -0.13172404327085493,
      -17.95021987081937
    ],
    "rotation": [
      [
        0.9662042101529075,
        -0.2571917096257097,
        -0.017373795860455916
      ],
      [
        0.25754659191438434,
        0.9602880374160199,
        0.10731560086480559
      ],
      [
        -0.010916834526625854,
        -0.10816334728314082,
        0.9940731929935667
      ]
    ]
  },
  {
    "timestamp": 1.4092795848846436,
    "position": [
      0.9783213815865436,
      0.06074967952043938,
      -21.185129331683076
    ],
    "rotation": [
      [
        0.9569260253152629,
        0.2888029677418784,
        0.02975614050605427
      ],
      [
        0.28998841579399803,
        -0.9457773093834185,
        -0.14632839697320754
      ],
      [
        -0.01411739280532308,
        0.14865438735181974,
        -0.988788436593711
      ]
    ]
  },
  {
    "timestamp": 1.4894678115844726,
    "position": [
      1.1969001851803023,
      0.2448104029849057,
      -24.690251643329063
    ],
    "rotation": [
      [
        0.9127166348498834,
        -0.23423761363387652,
        -0.33478513232730506
      ],
      [
        0.2645295708605106,
        0.9632194041498796,
        0.047249186336960305
      ],
      [
        0.31140399902483346,
        -0.13168568573788675,
        0.9411091485917475
      ]
    ]
  },
  {
    "timestamp": 1.5696560382843017,
    "position": [
      1.4109232295051408,
      0.43852231092160776,
      -28.4184186039439
    ],
    "rotation": [
      [
        0.9104456278100875,
        0.23165051465795328,
        0.3426759370895496
      ],
      [
        0.2743529311749012,
        -0.9581968089918832,
        -0.08117477683069202
      ],
      [
        0.3095468106074354,
        0.16791936843758712,
        -0.9359400930328216
      ]
    ]
  },
  {
    "timestamp": 1.6498442649841307,
    "position": [
      1.6782733588150005,
      0.6294735656659953,
      -32.402609136968344
    ],
    "rotation": [
      [
        0.9138086006092114,
        -0.2338974165952172,
        0.33203288988098495
      ],
      [
        0.20830476964811437,
        0.9717186628744048,
        0.1112293269035864
      ],
      [
        -0.34865880799784893,
        -0.03247828092221451,
        0.9366868189922697
      ]
    ]
  },
  {
    "timestamp": 1.73003249168396,
    "position": [
      2.0567378550194215,
      0.8424323838660424,
      -36.61319065009834
    ],
    "rotation": [
      [
        0.908428069167252,
        0.26338211124841426,
        -0.3246356521138524
      ],
      [
        0.2297419609752392,
        -0.9633217912512552,
        -0.1386714024870474
      ],
      [
        -0.3492521646551528,
        0.05139056309091134,
        -0.9356184775371256
      ]
    ]
  },
  {
    "timestamp": 1.810220718383789,
    "position": [
      -0.18707480993158404,
      -0.19981330362538638,
      1.049153470008923
    ],
    "rotation": [
      [
        -0.5087037325818216,
        0.5498654983186307,
        0.6624714682279732
      ],
      [
        -0.7212454594419525,
        0.1480048509293509,
        -0.6766827553113406
      ],
      [
        -0.4701334913529237,
        -0.8220355818698997,
        0.32129737385812207
      ]
    ]
  },
  {
    "timestamp": 1.8904089450836181,
    "position": [
      -0.10024344012342509,
      -0.33402953844886507,
      1.0216610739813707
    ],
    "rotation": [
      [
        -0.48549854976680407,
        -0.5517038131538102,
        -0.6781696400797339
      ],
      [
        -0.7145384107231073,
        -0.1965379690683258,
        0.6714221371952179
      ],
      [
        -0.5037122370715508,
        0.8105527307128412,
        -0.29879466688401657
      ]
    ]
  },
  {
    "timestamp": 1.9705971717834472,
    "position": [
      -0.06383253852400103,
      -0.4894189155333289,
      0.7164173600925666
    ],
    "rotation": [
      [
        -0.5079295661949594,
        0.5120036093730357,
        0.6927191781479598
      ],
      [
        -0.7220247254249857,
        0.18551105923194533,
        -0.6665327769717078
      ],
      [
        -0.46977425606345746,
        -0.8387120786608633,
        0.27545271363411816
      ]
    ]
  },
  {
    "timestamp": 2.050785398483276,
    "position": [
      -0.03001367842606771,
      -0.7034881916701536,
      0.13054570737557628
    ],
    "rotation": [
      [
        -0.5060915126326478,
        -0.5100411481239783,
        -0.6955065837657994
      ],
      [
        -0.7209723591217011,
        -0.19240236062723964,
        0.6657177998277911
      ],
      [
        -0.473360579499062,
        0.8383551507836283,
        -0.2703523680881536
      ]
    ]
  },
  {
    "timestamp": 2.1309736251831053,
    "position": [
      -0.04928072541549566,
      -0.9305185549707763,
      -0.7361436905994125
    ],
    "rotation": [
      [
        -0.5053600484136939,
        0.5014360848347833,
        0.7022628242281325
      ],
      [
        -0.7244513954684243,
        0.1956008829399151,
        -0.6609920348967743
      ],
      [
        -0.4688084865605161,
        -0.8427942497541673,
        0.26441719972450517
      ]
    ]
  }
]